-6.9424485236985591e-19 -0.0010999874137321852 0 -0.049999856958662506
-6.6184573358437524e-19 -0.0060999802616653106 -9.8249723915924576e-21 -0.099999856958662509
-6.1345503205686565e-19 -0.013599973109598438 -1.8897462070505033e-20 -0.14999985695866253
-5.4905336565684908e-19 -0.023599965957531562 -2.7582309139855243e-20 -0.19999985695866251
-4.6858737357350515e-19 -0.036099958805464689 -3.5199939992798741e-20 -0.2499998569586625
-3.7202956690429011e-19 -0.051099951653397813 -4.2267792794866053e-20 -0.29999985695866249
-2.5932210473454273e-19 -0.068599944501330945 -4.817882730370971e-20 -0.34999985695866248
-1.3043519022943758e-19 -0.088599937349264066 -5.3493925116044214e-20 -0.39999985695866247
1.2260971270254097e-20 -0.11073097479232559 -5.7672745021750839e-20 -0.44262074886123054
1.675453648920137e-19 -0.13480298889467257 -6.1266209642224921e-20 -0.48144028204693973
3.2880782717073685e-19 -0.15980298889467257 -6.3792199620439425e-20 -0.5
4.8997148550951663e-19 -0.18480298889467256 -6.5768278419308081e-20 -0.5
6.5108550445797902e-19 -0.20980298889467255 -6.6761066225655835e-20 -0.5
8.1217520285073159e-19 -0.23480298762414675 -6.7247310187371616e-20 -0.49999997458948386
9.7328561822070632e-19 -0.25980298613303315 -6.68329416220312e-20 -0.4999999701777279
1.1344399517212319e-18 -0.2848029849622089 -6.595462114881336e-20 -0.49999997658351503
1.295679564431759e-18 -0.30980298404852696 -6.4249070778852909e-20 -0.49999998172636151
1.4570257635750349e-18 -0.33480298335945707 -6.2117371674206871e-20 -0.49999998621860225
1.6158539250430715e-18 -0.35939817057268236 -5.9220374504297337e-20 -0.49190374426450606
1.7708119697499354e-18 -0.38338000600700933 -5.5929132876524792e-20 -0.4796367086865394
1.9164074713865819e-18 -0.4059081140785582 -5.192521243323226e-20 -0.45056216143097788
2.0498109982180488e-18 -0.42654957403199706 -4.7554154418308216e-20 -0.41282919906877663
2.1683927956640213e-18 -0.44489957362527849 -4.2520418345036497e-20 -0.36699999186562821
2.2707981416679736e-18 -0.46074957321855992 -3.71453026659493e-20 -0.31699999186562822
2.3570571397122974e-18 -0.47409957281184134 -3.1168117339030815e-20 -0.26699999186562823
2.4271852976515578e-18 -0.48494957240512276 -2.4880774920805303e-20 -0.21699999186562824
2.481207947448701e-18 -0.49329957199840418 -1.8086793243657765e-20 -0.16699999186562825
2.5191381389028207e-18 -0.4991495715916856 -1.1031815584641302e-20 -0.11699999186562825
2.5411747139101979e-18 -0.50249957118496702 1.504632769052528e-36 -0.066999991865628244
2.5467660816916006e-18 -0.50334957077824838 0 -0.016999991865628242
2.5467660816916006e-18 -0.50334957077824838 0 0
